#Algyo-Ny-3 -Shallow Section Edited
#Col1: TVDSRD
#Col2: TWT
             0             0
       36.3187         45.35
       66.8224       82.6988
       99.8103       122.242
       118.742       144.532
       142.598       172.183
       165.218       197.866
        185.56        220.87
        205.56        243.35
        225.56        265.59
        245.56        287.79
        265.56        309.54
        285.56        331.04
        305.56        352.32
        325.56        373.57
        345.56        394.53
        365.56        415.33
        385.56        436.01
        405.56           456
        425.56        475.72
        445.56        495.14
        465.56        514.32
        485.56        533.41
        505.56        552.54
        525.56        571.69
        545.56        590.89
        565.56        610.14
        585.56        628.99
        605.56        648.14
        625.56        666.72
        645.56        685.23
        665.56        703.58
        685.56        721.67
        705.55        739.47
        725.55        757.25
        745.55        774.91
        765.55        792.32
        785.55           810
        805.55        827.33
        825.55        844.73
        845.55        861.59
        865.55        878.63
        885.55        895.27
        905.55        912.46
        925.55        929.09
        945.55        946.96
        965.55         964.3
        985.55        982.49
       1005.55        999.38
       1025.55       1016.49
       1045.55       1032.45
       1065.55       1049.14
       1085.55       1065.02
       1105.55       1081.32
       1125.55       1098.09
       1145.55       1114.33
       1165.55       1130.13
       1185.55       1146.28
       1205.55       1161.49
       1225.55       1175.73
       1245.55       1190.93
       1265.55       1206.33
       1285.55       1220.86
       1305.55       1236.05
       1325.55       1250.17
       1345.55       1263.38
       1365.55       1276.24
       1385.55       1289.71
       1405.55       1302.59
       1425.55       1316.52
       1445.55       1331.94
       1465.55       1347.77
       1485.55       1363.34
       1505.55       1378.52
       1525.55       1394.25
       1545.55       1409.16
       1565.55       1423.01
       1585.55       1436.57
       1605.55       1450.82
       1625.55       1464.61
       1645.55       1477.74
       1665.55       1490.74
       1685.55       1504.36
       1705.55       1518.21
       1725.55       1531.38
       1745.55       1545.07
       1765.55       1559.02
       1785.55       1571.68
       1805.54       1584.48
       1825.54       1597.66
       1845.54       1609.65
       1865.54       1621.03
       1885.54       1633.36
       1905.54       1645.12
       1925.54       1657.12
       1945.54       1669.12
       1965.54       1680.92
       1985.54       1692.39
       2005.54       1704.22
       2025.54       1715.34
       2045.54       1726.49
       2065.54       1738.74
       2085.54       1750.62
       2105.54       1762.37
       2125.54       1774.31
       2145.53       1786.67
        2165.5       1798.36
       2185.45       1809.64
       2205.34       1820.81
       2225.17       1831.91
       2244.95       1842.53
       2264.71       1853.54
       2284.44       1864.73
       2304.11       1875.52
       2323.69       1886.68
       2343.08       1897.37
       2362.33       1907.91
       2381.42       1918.32
       2400.44       1929.27
       2419.53       1939.45
       2438.46        1949.9
       2457.37        1959.7
       2476.27       1969.45
       2495.05       1978.71
       2513.84       1988.43
       2532.68       1998.58
       2551.54        2008.6
       2570.45       2018.27
       2589.44        2028.2
       2608.46       2036.31
       2628.16       2044.65
