# TVDSRD,TWT,VAVG,VINT,VRMS
           0            0      1601.71      1601.71      1601.71
     36.3187        45.35      1601.71      1601.71      1601.71
     66.8224      82.6988      1616.04      1633.45      1616.12
     99.8103      122.242         1633      1668.45      1633.23
     118.742      144.532      1643.12      1698.67      1643.49
     142.598      172.183      1656.35      1725.51      1656.94
     165.218      197.866         1670      1761.48      1670.88
      185.56       220.87      1680.26      1768.56      1681.32
      205.56       243.35      1689.42      1779.36      1690.61
      225.56       265.59      1698.56      1798.56      1699.91
      245.56       287.79      1706.52       1801.8      1707.99
      265.56       309.54      1715.84      1839.08      1717.53
      285.56       331.04      1725.23      1860.47      1727.17
      305.56       352.32      1734.56       1879.7      1736.76
      325.56       373.57      1742.97      1882.35      1745.37
      345.56       394.53      1751.76       1908.4      1754.41
      365.56       415.33      1760.34      1923.08      1763.24
      385.56       436.01      1768.58      1934.24      1771.73
      405.56          456      1778.77         2001       1782.4
      425.56       475.72      1789.12       2028.4      1793.26
      445.56       495.14      1799.73      2059.73      1804.46
      465.56       514.32      1810.39      2085.51      1815.72
      485.56       533.41      1820.59      2095.34      1826.46
      505.56       552.54      1829.95      2090.96      1836.26
      525.56       571.69      1838.62      2088.77      1845.28
      545.56       590.89      1846.57      2083.33      1853.49
      565.56       610.14      1853.87      2077.92      1860.99
      585.56       628.99      1861.91      2122.02      1869.34
      605.56       648.14      1868.61      2088.77      1876.19
      625.56       666.72      1876.53      2152.85      1884.45
      645.56       685.23      1884.21      2160.99      1892.45
      665.56       703.58      1891.92      2179.84       1900.5
      685.56       721.67      1899.93      2211.17       1908.9
      705.55       739.47      1908.26      2246.07      1917.72
      725.55       757.25      1916.28      2249.72      1926.17
      745.55       774.91      1924.22      2265.01      1934.55
      765.55       792.32      1932.43      2297.53      1943.26
      785.55          810      1939.63      2262.44      1950.78
      805.55       827.33      1947.35      2308.14      1958.93
      825.55       844.73      1954.59      2298.85      1966.53
      845.55       861.59      1962.77      2372.48      1975.27
      865.55       878.63      1970.23      2347.42      1983.15
      885.55       895.27      1978.29      2403.85      1991.78
      905.55       912.46      1984.85      2326.93      1998.62
      925.55       929.09      1992.38      2405.29      2006.62
      945.55       946.96      1997.02      2238.39      2011.24
      965.55        964.3      2002.59      2306.81      2016.94
      985.55       982.49      2006.23      2199.01      2020.46
     1005.55       999.38      2012.35      2368.27      2026.83
     1025.55      1016.49      2017.83      2337.81      2032.46
     1045.55      1032.45      2025.38      2506.27      2040.62
     1065.55      1049.14      2031.28      2396.64      2046.77
     1085.55      1065.02      2038.55      2518.89      2054.61
     1105.55      1081.32      2044.82      2453.99       2061.2
     1125.55      1098.09      2050.01      2385.21      2066.53
     1145.55      1114.33      2056.03      2463.05      2072.86
     1165.55      1130.13      2062.68      2531.65      2079.97
     1185.55      1146.28      2068.52      2476.78      2086.08
     1205.55      1161.49      2075.87      2629.85      2094.12
     1225.55      1175.73      2084.75      2808.99      2104.23
     1245.55      1190.93      2091.73      2631.58      2111.79
     1265.55      1206.33      2098.18       2597.4      2118.69
     1285.55      1220.86      2105.97      2752.92      2127.35
     1305.55      1236.05      2112.45      2633.31       2134.3
     1325.55      1250.17      2120.59      2832.86      2143.46
     1345.55      1263.38      2130.08      3028.01      2154.59
     1365.55      1276.24      2139.96      3110.42      2166.32
     1385.55      1289.71      2148.62      2969.56      2176.24
     1405.55      1302.59      2158.09      3105.59      2187.37
     1425.55      1316.52      2165.63       2871.5      2195.72
     1445.55      1331.94      2170.59      2594.03      2200.75
     1465.55      1347.77      2174.78      2526.85      2204.86
     1485.55      1363.34      2179.28      2569.04      2209.35
     1505.55      1378.52       2184.3      2635.05      2214.49
     1525.55      1394.25      2188.34      2542.91      2218.46
     1545.55      1409.16      2193.58      2682.76      2223.88
     1565.55      1423.01      2200.34      2888.09       2231.3
     1585.55      1436.57      2207.41      2949.85      2239.16
     1605.55      1450.82       2213.3      2807.02      2245.44
     1625.55      1464.61      2219.77      2900.65       2252.5
     1645.55      1477.74      2227.12      3046.46      2260.78
     1665.55      1490.74      2234.53      3076.92      2269.17
     1685.55      1504.36      2240.89      2936.86      2276.09
     1705.55      1518.21      2246.79      2888.09      2282.41
     1725.55      1531.38      2253.59      3037.21      2289.97
     1745.55      1545.07      2259.51      2921.84      2296.33
     1765.55      1559.02      2264.95      2867.38      2302.07
     1785.55      1571.68      2272.15      3159.56      2310.25
     1805.54      1584.48      2279.03      3123.44      2317.96
     1825.54      1597.66      2285.27       3034.9      2324.78
     1845.54      1609.65      2293.09      3336.11      2333.93
     1865.54      1621.03      2301.67      3514.94       2344.3
     1885.54      1633.36      2308.79      3244.12      2352.38
     1905.54      1645.12       2316.6      3401.36      2361.53
     1925.54      1657.12      2323.96      3333.33         2370
     1945.54      1669.12      2331.22      3333.33      2378.32
     1965.54      1680.92      2338.65      3389.83      2386.92
     1985.54      1692.39      2346.43      3487.36      2396.08
     2005.54      1704.22      2353.62      3381.23      2404.31
     2025.54      1715.34      2361.68      3597.12      2413.94
     2045.54      1726.49      2369.59      3587.44      2423.34
     2065.54      1738.74       2375.9      3265.31      2430.29
     2085.54      1750.62      2382.63         3367      2437.86
     2105.54      1762.37      2389.44      3404.26      2445.57
     2125.54      1774.31      2395.91      3350.08      2452.77
     2145.53      1786.67      2401.71      3234.63      2459.03
      2165.5      1798.36      2408.31       3416.6      2466.46
     2185.45      1809.64      2415.34      3537.23      2474.57
     2205.34      1820.81      2422.37      3561.32      2482.69
     2225.17      1831.91      2429.34      3572.97      2490.73
     2244.95      1842.53      2436.81      3725.05      2499.59
     2264.71      1853.54      2443.66      3589.46      2507.47
     2284.44      1864.73      2450.16      3526.36      2514.81
     2304.11      1875.52      2457.04      3645.97      2522.77
     2323.69      1886.68      2463.26      3508.96      2529.73
     2343.08      1897.37      2469.82      3627.69      2537.25
     2362.33      1907.91      2476.35      3652.75      2544.76
     2381.42      1918.32      2482.82      3667.63      2552.18
     2400.44      1929.27      2488.44      3473.97      2558.35
     2419.53      1939.45      2495.07      3750.49      2566.06
     2438.46       1949.9      2501.11      3622.97      2572.88
     2457.37       1959.7       2507.9      3859.18      2580.91
     2476.27      1969.45      2514.68      3876.92      2588.92
     2495.05      1978.71       2521.9      4056.16      2597.72
     2513.84      1988.43      2528.47      3866.26      2605.42
     2532.68      1998.58      2534.48      3712.32      2612.23
     2551.54       2008.6      2540.62      3764.47      2619.23
     2570.45      2018.27      2547.18      3911.07      2626.94
     2589.44       2028.2      2553.44      3824.77      2634.13
     2608.46      2036.31      2561.95      4690.51      2645.49
     2628.16      2044.65      2570.77      4724.22      2657.28
